0 0.292047 0.517894 0.064139 0.140082
0 0.884692 0.791922 0.063569 0.134969
0 0.298746 0.802147 0.064424 0.134969
0 0.812429 0.792689 0.064424 0.134458
0 0.447263 0.797290 0.063854 0.134458
0 0.373147 0.801125 0.064424 0.134969
0 0.336802 0.922290 0.064139 0.134969
0 0.593501 0.796268 0.064424 0.135481
0 0.666904 0.796012 0.064139 0.134969
0 0.739880 0.793456 0.064139 0.134969
0 0.519954 0.796012 0.064424 0.134969
0 0.630131 0.916922 0.063569 0.137526
0 0.483894 0.918456 0.064139 0.135481
0 0.778649 0.914366 0.063569 0.135481
0 0.410633 0.919734 0.064139 0.134969
0 0.702965 0.914877 0.064424 0.135481
0 0.557155 0.917434 0.064139 0.135481
0 0.850057 0.914110 0.063854 0.140082
