0 0.551868 0.473996 0.022867 0.050978
0 0.312605 0.184089 0.022867 0.049949
0 0.299498 0.368435 0.022867 0.049949
0 0.312465 0.331874 0.023146 0.048919
0 0.539598 0.180999 0.022867 0.042739
0 0.551311 0.369207 0.022867 0.049434
0 0.362939 0.184861 0.022588 0.050463
0 0.311768 0.654995 0.022867 0.051493
0 0.325014 0.617920 0.023146 0.049434
0 0.299637 0.222709 0.022588 0.050978
0 0.312326 0.512873 0.022309 0.050463
0 0.539180 0.040422 0.023146 0.048919
0 0.526631 0.077240 0.023146 0.050463
0 0.500837 0.614315 0.022309 0.043254
0 0.337563 0.184089 0.022588 0.049949
0 0.488985 0.037848 0.023146 0.041710
0 0.312744 0.039907 0.022588 0.049949
0 0.538344 0.332647 0.023146 0.049434
0 0.325014 0.471936 0.023146 0.049949
0 0.526910 0.222194 0.023146 0.049949
0 0.337144 0.654480 0.022867 0.050463
0 0.539180 0.512873 0.022588 0.050463
0 0.526352 0.618177 0.022588 0.049949
0 0.337842 0.039650 0.023146 0.049434
0 0.539041 0.653450 0.022867 0.046344
0 0.438790 0.184346 0.023146 0.049434
0 0.376046 0.221679 0.023146 0.049949
0 0.375070 0.472966 0.022867 0.049949
0 0.463748 0.040165 0.022867 0.049434
0 0.337005 0.513388 0.022588 0.052523
0 0.324735 0.368692 0.023146 0.050463
0 0.413553 0.184604 0.022867 0.049949
0 0.299080 0.615345 0.023703 0.045314
0 0.515059 0.184861 0.022867 0.049434
0 0.337702 0.332904 0.022867 0.050978
0 0.475600 0.473481 0.022588 0.049949
0 0.488985 0.184604 0.022588 0.048919
0 0.438650 0.039907 0.022867 0.048919
0 0.501255 0.473738 0.023146 0.050463
0 0.413134 0.040422 0.022030 0.049949
0 0.388176 0.040165 0.022867 0.049434
0 0.299637 0.472709 0.023703 0.050463
0 0.463887 0.184604 0.023146 0.048919
0 0.425962 0.473223 0.023146 0.050463
0 0.501673 0.221679 0.022867 0.049949
0 0.501813 0.077755 0.023146 0.050463
0 0.325432 0.221679 0.022867 0.049949
0 0.375349 0.617405 0.022867 0.049434
0 0.400307 0.470649 0.023146 0.045314
0 0.476297 0.076468 0.022867 0.049949
0 0.362381 0.654480 0.023146 0.050463
0 0.400864 0.221936 0.023146 0.050463
0 0.451617 0.076468 0.023146 0.048919
0 0.426102 0.221421 0.022867 0.050463
0 0.476436 0.220906 0.023146 0.049434
0 0.325153 0.077497 0.022867 0.050978
0 0.450920 0.221164 0.022867 0.050978
0 0.475460 0.617662 0.022867 0.049949
0 0.299916 0.076725 0.023146 0.050463
0 0.426102 0.076468 0.022867 0.049949
0 0.362660 0.513131 0.023146 0.050978
0 0.387479 0.654737 0.022588 0.049949
0 0.350530 0.076468 0.022867 0.049949
0 0.462772 0.655252 0.023146 0.049949
0 0.387758 0.332904 0.023146 0.049949
0 0.513525 0.651905 0.023146 0.044284
0 0.400725 0.618177 0.022867 0.049949
0 0.513525 0.332647 0.023146 0.049434
0 0.463190 0.332904 0.022867 0.049949
0 0.488288 0.333419 0.022867 0.049949
0 0.424847 0.617662 0.022588 0.048919
0 0.488148 0.654995 0.023146 0.049434
0 0.375488 0.368692 0.023146 0.049434
0 0.400586 0.076725 0.023146 0.050463
0 0.450363 0.618435 0.022309 0.050463
0 0.437953 0.330072 0.023146 0.046344
0 0.513525 0.513131 0.022588 0.049949
0 0.488567 0.512873 0.022867 0.050463
0 0.525934 0.365602 0.022867 0.042225
0 0.387758 0.512873 0.023146 0.050463
0 0.437674 0.654480 0.022588 0.050463
0 0.349833 0.368950 0.022588 0.049949
0 0.375767 0.077240 0.023146 0.051493
0 0.412856 0.651390 0.023146 0.043254
0 0.412856 0.332389 0.023146 0.050978
0 0.463330 0.513388 0.022588 0.050463
0 0.425125 0.369979 0.023146 0.052008
0 0.450641 0.369464 0.022867 0.050978
0 0.500976 0.368950 0.023146 0.050978
0 0.400307 0.368435 0.022588 0.049949
0 0.363079 0.333419 0.022867 0.052008
0 0.438232 0.513388 0.023146 0.051493
0 0.412995 0.512873 0.022867 0.050463
0 0.476018 0.368950 0.022867 0.049949
